2 5 0.85
5 19 0.29
7 19 0.39
35 9 0.74
56 19 0.63
74 10 0.74
96 8 0.76
127 27 0.71
129 3 0.74
139 24 0.79
140 24 0.79
141 24 0.79
149 30 0.48
160 4 0.79
171 8 0.84
172 8 0.85
173 8 0.85
174 24 0.84
175 24 0.85
176 11 0.84
176 24 0.85
176 10 0.82
177 24 0.83
177 10 0.82
179 33 0.82
180 33 0.79
181 33 0.78
202 24 0.86
216 10 0.86
217 10 0.86
218 10 0.85
219 10 0.85
220 10 0.86
221 10 0.86
243 4 0.87
279 47 0.9
280 47 0.9
283 6 0.78
284 6 0.79
287 6 0.75
288 6 0.77
17 0 0.93
18 0 0.94
19 0 0.93
19 3 0.91
20 0 0.95
20 3 0.89
21 0 0.95
21 6 0.76
22 0 0.93
23 0 0.92
33 3 0.91
38 3 0.88
39 3 0.88
42 3 0.91
43 3 0.91
44 3 0.92
45 3 0.92
46 3 0.92
67 4 0.91
68 4 0.92
69 4 0.91
70 4 0.91
74 7 0.66
79 7 0.72
80 7 0.69
92 4 0.92
106 22 0.8
142 43 0.79
207 37 0.41
208 37 0.51
209 37 0.44
210 37 0.44
211 37 0.51
212 37 0.55
223 25 0.51
224 25 0.51
225 25 0.5
226 25 0.48
227 25 0.46
228 25 0.46
229 25 0.42
231 25 0.46
240 13 0.89
241 13 0.89
242 13 0.89
243 13 0.88
244 24 0.59
248 13 0.89
249 13 0.89
250 13 0.9
254 22 0.88
255 22 0.88
256 22 0.87
264 17 0.69
265 17 0.7
266 17 0.68
267 17 0.77
279 22 0.87
287 22 0.9
288 22 0.9
289 22 0.89
290 22 0.91
291 22 0.89
294 22 0.9
296 22 0.89
297 22 0.9
298 22 0.91
299 22 0.91
299 63 0.34
300 22 0.91
301 22 0.9
302 22 0.9
305 52 0.83
305 22 0.89
306 52 0.84
307 52 0.84
307 22 0.89
308 22 0.9
309 22 0.91
315 40 0.49
316 25 0.61
317 25 0.59
318 25 0.62
319 25 0.6
358 64 0.77
359 64 0.81
364 34 0.88
365 34 0.85
366 34 0.85
367 34 0.76
369 64 0.84
370 12 0.8
396 64 0.9
396 53 0.87
397 64 0.9
408 64 0.9
409 64 0.91
410 64 0.91
415 37 0.87
433 37 0.91
434 64 0.9
434 37 0.91
435 37 0.91
436 37 0.91
437 37 0.92
492 31 0.87
493 31 0.87
495 31 0.89
569 68 0.75
579 59 0.52
580 59 0.51
581 68 0.76
581 59 0.49
582 68 0.73
582 59 0.44
583 59 0.36
585 59 0.35
607 77 0.68
608 68 0.76
608 77 0.66
609 68 0.76
611 77 0.61
612 77 0.56
613 77 0.51
614 77 0.56
617 77 0.67
618 68 0.78
618 77 0.72
619 68 0.79
620 68 0.7
621 68 0.72
635 68 0.81
636 68 0.81
637 68 0.79
638 68 0.79
639 68 0.82
640 68 0.81
641 77 0.64
642 56 0.68
642 60 0.49
643 56 0.68
643 60 0.51
644 60 0.52
648 68 0.77
652 91 0.31
656 60 0.39
657 60 0.47
658 60 0.46
659 77 0.64
662 77 0.58
667 84 0.68
698 91 0.35
699 91 0.36
700 91 0.39
727 68 0.86
747 14 0.85
748 14 0.82
753 68 0.89
754 68 0.88
755 68 0.88
756 68 0.89
801 92 0.29
803 92 0.31
805 92 0.34
805 59 0.78
858 91 0.5
865 86 0.53
884 59 0.87
896 114 0.6
897 114 0.7
898 114 0.61
904 85 0.78
909 104 0.66
912 91 0.79
926 91 0.8
927 91 0.81
938 91 0.82
939 91 0.83
962 124 0.79
970 114 0.75
971 114 0.78
971 130 0.88
972 130 0.88
973 58 0.81
976 124 0.78
977 124 0.78
980 91 0.88
981 91 0.87
986 124 0.79
987 124 0.79
993 130 0.89
1005 124 0.82
1011 86 0.82
1016 78 0.71
1017 78 0.74
1022 86 0.88
1023 86 0.87
1023 131 0.69
1032 140 0.85
1035 86 0.85
1036 86 0.86
1037 97 0.35
1038 97 0.42
1039 140 0.81
1041 114 0.9
1055 130 0.9
1056 130 0.89
1063 121 0.79
1064 121 0.76
1069 86 0.89
1070 86 0.9
1070 124 0.91
1071 86 0.88
1071 124 0.91
1072 86 0.88
1073 86 0.88
1073 97 0.61
1074 86 0.88
1074 97 0.61
1075 86 0.9
1076 86 0.9
1077 97 0.56
1078 131 0.8
1079 131 0.81
1080 131 0.83
1081 131 0.85
1082 131 0.84
1083 131 0.81
1084 131 0.8
1089 124 0.9
1090 124 0.89
1091 124 0.9
1102 130 0.88
1103 130 0.88
1108 140 0.8
1109 140 0.81
1138 121 0.86
1140 121 0.86
1144 130 0.89
1168 131 0.86
1172 169 0.78
1178 154 0.9
1179 154 0.9
1179 121 0.86
1180 154 0.9
1180 155 0.88
1181 155 0.89
1181 131 0.86
1182 131 0.85
1183 131 0.87
1187 121 0.87
1189 121 0.87
1192 131 0.89
1193 131 0.89
1194 131 0.89
1196 131 0.88
1197 131 0.88
1199 126 0.64
1200 126 0.58
1201 126 0.52
1202 126 0.61
1202 121 0.84
1203 121 0.86
1204 121 0.86
1205 121 0.87
1206 121 0.87
1209 131 0.88
1210 85 0.61
1216 121 0.89
1223 131 0.9
1224 85 0.53
1245 121 0.9
1246 121 0.91
1248 169 0.85
1248 105 0.79
1249 169 0.85
1249 105 0.81
1250 169 0.85
1250 105 0.81
1251 97 0.68
1251 169 0.85
1252 169 0.86
1258 121 0.91
1259 121 0.91
1260 97 0.7
1260 121 0.91
1266 97 0.79
1268 97 0.77
1272 97 0.69
1273 97 0.74
1277 85 0.81
1277 131 0.91
1278 131 0.92
1279 131 0.92
1280 131 0.92
1283 97 0.72
1284 97 0.75
1311 183 0.77
1329 175 0.89
1334 58 0.29
1335 180 0.75
1337 79 0.81
1340 104 0.6
1342 104 0.61
1343 104 0.61
1345 104 0.69
1350 142 0.89
1351 142 0.89
1352 142 0.91
1353 142 0.91
1354 142 0.91
1355 142 0.91
1356 142 0.91
1357 142 0.91
1374 142 0.9
1376 144 0.85
1392 79 0.85
1395 175 0.9
1399 79 0.85
1400 79 0.87
1401 79 0.89
1420 175 0.9
1421 170 0.88
1422 175 0.91
1422 170 0.89
1423 175 0.92
1423 170 0.87
1424 170 0.88
1425 79 0.88
1425 170 0.87
1426 79 0.89
1426 170 0.87
1427 79 0.88
1427 170 0.87
1428 79 0.89
1429 79 0.88
1468 142 0.89
1469 167 0.84
1470 142 0.9
1470 167 0.84
1471 142 0.9
1471 167 0.84
1474 167 0.79
1475 167 0.8
1477 167 0.8
1479 142 0.91
1480 142 0.89
1481 142 0.89
1482 142 0.9
1483 142 0.89
1484 142 0.89
1485 142 0.89
1498 142 0.89
1499 142 0.89
1500 142 0.89
1514 142 0.91
1515 142 0.9
1516 142 0.91
1517 142 0.9
1566 197 0.8
1567 197 0.82
1568 197 0.81
1605 104 0.48
1625 188 0.88
1646 145 0.87
1656 103 0.89
1681 142 0.93
1682 142 0.93
1683 142 0.93
1684 142 0.92
1685 142 0.92
1686 142 0.91
1687 142 0.91
1693 142 0.91
1694 142 0.89
1696 142 0.9
1718 197 0.88
1800 159 0.46
1801 159 0.55
1803 159 0.61
1804 159 0.54
1805 159 0.4
1822 227 0.62
1838 104 0.78
1865 218 0.62
1866 218 0.65
1867 218 0.61
1868 218 0.61
1876 209 0.74
1880 209 0.78
1881 209 0.78
1902 237 0.68
1903 237 0.77
1904 190 0.81
1904 237 0.77
1905 190 0.84
1905 237 0.76
1906 190 0.85
1908 237 0.71
1914 190 0.84
1915 190 0.82
1915 209 0.74
1916 209 0.74
1917 190 0.87
1918 190 0.85
1919 190 0.81
1945 237 0.64
1946 237 0.56
1948 119 0.73
1952 237 0.64
1952 224 0.27
1953 224 0.27
1956 209 0.79
1957 209 0.79
1958 209 0.8
1960 218 0.52
1961 218 0.51
1962 218 0.51
1963 218 0.64
1964 218 0.65
1965 218 0.58
1976 240 0.67
1976 218 0.54
1979 237 0.58
1981 119 0.66
1984 179 0.86
1985 179 0.82
1986 179 0.82
1987 179 0.8
1988 179 0.78
1989 179 0.74
1992 209 0.82
1993 209 0.82
1994 209 0.83
1995 209 0.82
1996 209 0.81
1997 209 0.81
2027 224 0.36
2032 242 0.73
2036 209 0.85
2036 213 0.61
2037 209 0.86
2041 213 0.68
2042 213 0.72
2042 242 0.71
2043 213 0.58
2044 242 0.68
2045 242 0.72
2046 242 0.72
2047 237 0.75
2048 237 0.77
2049 237 0.79
2050 237 0.8
2053 209 0.85
2054 221 0.69
2054 209 0.87
2055 209 0.85
2056 209 0.85
2057 209 0.83
2058 209 0.83
2059 209 0.83
2062 237 0.8
2063 237 0.81
2066 242 0.78
2067 242 0.79
2068 242 0.77
2069 242 0.79
2070 242 0.74
2080 230 0.41
2081 230 0.38
2082 230 0.39
2083 230 0.34
2084 230 0.41
2085 230 0.44
2101 180 0.67
2102 180 0.65
2103 242 0.83
2104 242 0.81
2105 242 0.82
2111 213 0.68
2112 213 0.74
2112 189 0.7
2113 213 0.72
2114 213 0.68
2116 242 0.81
2117 242 0.81
2119 242 0.84
2121 259 0.82
2123 242 0.83
2124 230 0.6
2125 230 0.63
2126 230 0.53
2126 242 0.82
2127 242 0.84
2133 242 0.81
2134 242 0.81
2135 242 0.82
2135 253 0.71
2136 242 0.82
2142 268 0.6
2143 180 0.71
2144 180 0.7
2145 180 0.71
2146 180 0.74
2147 180 0.69
2148 180 0.68
2150 180 0.62
2151 180 0.64
2152 180 0.64
2153 159 0.64
2154 159 0.63
2155 159 0.64
2156 159 0.64
2157 159 0.64
2159 249 0.4
2168 229 0.82
2176 266 0.33
2181 229 0.82
2182 257 0.74
2186 180 0.47
2188 265 0.46
2189 266 0.72
2190 266 0.74
2191 241 0.73
2191 266 0.73
2197 241 0.76
2205 241 0.78
2206 241 0.81
2213 273 0.37
2214 241 0.81
2214 273 0.3
2215 241 0.81
2216 241 0.85
2218 241 0.84
2219 241 0.85
2220 241 0.84
2221 241 0.83
2222 241 0.83
2223 241 0.85
2224 241 0.86
2225 241 0.87
2226 241 0.86
2234 159 0.33
2234 257 0.71
2236 159 0.34
2242 266 0.71
2268 288 0.81
2269 288 0.8
2270 288 0.77
2270 293 0.28
2271 293 0.31
2272 293 0.3
2274 288 0.83
2275 288 0.86
2276 288 0.85
2277 288 0.83
2278 288 0.83
2287 255 0.4
2293 267 0.43
2294 267 0.42
2294 283 0.74
2295 267 0.39
2295 283 0.68
2296 267 0.35
2298 293 0.31
2299 293 0.31
2302 285 0.6
2303 266 0.65
2303 285 0.55
2304 285 0.61
2315 251 0.9
2315 257 0.45
2316 251 0.89
2317 251 0.88
2318 251 0.9
2319 251 0.9
2320 251 0.9
2321 251 0.9
2322 251 0.92
2323 251 0.91
2325 251 0.9
2325 274 0.77
2326 274 0.79
2326 159 0.3
2328 266 0.73
2329 266 0.74
2330 251 0.89
2330 266 0.76
2331 241 0.86
2332 274 0.77
2333 274 0.78
2334 274 0.77
2334 255 0.53
2335 274 0.76
2336 274 0.78
2338 274 0.77
2339 274 0.78
2351 270 0.88
2354 283 0.82
2355 283 0.8
2356 283 0.83
2360 267 0.65
2364 267 0.66
2366 283 0.84
2367 283 0.82
2376 293 0.54
2377 255 0.6
2380 266 0.77
2381 266 0.79
2382 266 0.81
2383 266 0.83
2383 274 0.45
2384 266 0.81
2384 274 0.51
2385 266 0.83
2386 266 0.81
2386 274 0.53
2394 274 0.73
2397 273 0.72
2398 273 0.74
2399 273 0.72
2400 273 0.73
2401 273 0.68
2402 273 0.67
2403 274 0.73
2404 274 0.74
2405 283 0.85
2406 283 0.84
2406 266 0.89
2407 283 0.85
2407 266 0.89
2408 266 0.89
2409 266 0.89
2410 266 0.88
2411 266 0.89
2412 266 0.87
2413 266 0.86
2415 314 0.72
2416 314 0.7
2420 266 0.88
2421 266 0.88
2424 266 0.89
2425 314 0.68
2429 319 0.34
2433 283 0.89
2434 283 0.88
2435 274 0.8
2439 283 0.9
2440 283 0.9
2441 266 0.89
2442 266 0.89
2446 266 0.91
2446 319 0.41
2446 159 0.67
2447 266 0.91
2448 266 0.91
2450 274 0.86
2451 221 0.79
2455 274 0.85
2456 274 0.85
2457 283 0.88
2479 221 0.71
2484 283 0.93
2485 283 0.92
2486 283 0.92
2487 283 0.93
2493 311 0.81
2521 309 0.79
2525 329 0.86
2526 329 0.85
2527 273 0.83
2528 329 0.86
2529 273 0.87
2529 329 0.86
2530 329 0.85
2536 309 0.6
2541 273 0.87
2542 273 0.88
2542 329 0.84
2542 325 0.76
2543 273 0.9
2543 329 0.85
2543 325 0.72
2544 273 0.89
2544 329 0.86
2545 329 0.87
2548 329 0.87
2551 273 0.89
2553 329 0.88
2554 329 0.87
2555 329 0.86
2555 310 0.82
2557 336 0.8
2558 273 0.89
2558 336 0.79
2559 273 0.89
2559 336 0.81
2560 273 0.89
2560 284 0.61
2561 273 0.89
2561 284 0.63
2563 284 0.77
2582 329 0.89
2593 317 0.69
2594 317 0.73
2595 317 0.75
2603 311 0.91
2604 311 0.91
2605 311 0.91
2606 310 0.88
2607 310 0.87
2608 310 0.87
2609 310 0.87
2610 310 0.87
2616 310 0.89
2617 310 0.89
2618 310 0.88
2619 310 0.88
2619 311 0.89
2620 310 0.87
2621 310 0.88
2622 310 0.87
2628 318 0.79
2629 318 0.82
2630 318 0.78
2631 311 0.92
2632 311 0.92
2633 311 0.91
2634 311 0.91
2635 311 0.91
2647 318 0.65
2648 318 0.67
2685 299 0.87
2686 299 0.88
2707 310 0.91
2708 310 0.91
2746 321 0.9
2747 321 0.91
2748 321 0.89
2749 321 0.9
2749 310 0.91
2750 310 0.9
2751 310 0.89
2752 310 0.88
2753 321 0.9
2753 310 0.88
2754 310 0.89
2755 310 0.89
2756 310 0.9
2757 310 0.89
2758 310 0.89
2758 221 0.53
2759 310 0.87
2759 221 0.53
2760 310 0.88
2761 321 0.9
2768 319 0.75
2 5 0.83
3 5 0.83
4 5 0.82
4 46 0.79
5 46 0.78
6 5 0.8
7 5 0.67
8 5 0.8
9 5 0.75
20 5 0.79
21 5 0.78
22 5 0.8
23 5 0.78
29 5 0.77
30 5 0.75
43 79 0.79
44 79 0.78
55 78 0.56
138 96 0.91
140 92 0.87
154 103 0.85
155 103 0.85
156 103 0.9
215 113 0.81
265 119 0.9
326 127 0.89
327 127 0.9
328 127 0.88
331 124 0.75
343 124 0.65
344 124 0.63
391 146 0.65
403 159 0.8
426 159 0.82
478 160 0.45
506 182 0.81
507 182 0.81
514 179 0.8
515 179 0.8
555 196 0.78
556 196 0.81
558 196 0.78
560 196 0.78
561 196 0.81
562 196 0.83
563 196 0.82
564 196 0.82
565 196 0.81
591 214 0.83
592 214 0.82
593 214 0.82
595 214 0.81
598 147 0.45
598 203 0.87
599 203 0.87
600 203 0.87
601 203 0.89
603 203 0.87
632 225 0.71
633 225 0.65
678 132 0.38
693 128 0.43
724 239 0.8
725 239 0.78
936 286 0.76
937 265 0.88
938 265 0.87
944 272 0.84
945 272 0.81
979 286 0.84
980 293 0.5
982 293 0.37
994 293 0.49
995 293 0.44
996 293 0.32
996 306 0.8
1003 293 0.67
1004 288 0.79
1031 276 0.72
1032 276 0.74
1033 276 0.74
1034 276 0.75
1104 322 0.83
1124 276 0.42
1127 331 0.8
1133 331 0.82
1170 366 0.62
1236 389 0.69
1243 368 0.38
1244 368 0.49
1245 368 0.52
1246 386 0.6
1246 368 0.5
1247 386 0.66
1247 368 0.5
1248 386 0.62
1249 368 0.44
1251 386 0.46
1254 386 0.61
1260 284 0.27
1274 388 0.62
1275 388 0.45
1307 408 0.68
1308 408 0.45
1327 405 0.83
1331 395 0.77
1399 421 0.35
1400 421 0.47
1429 431 0.45
1430 456 0.55
1432 456 0.6
1441 454 0.65
1442 454 0.63
1462 456 0.77
1479 333 0.26
1492 451 0.35
1501 478 0.5
1522 474 0.79
1534 419 0.72
1534 455 0.58
1535 419 0.61
1553 481 0.74
1555 455 0.46
1573 510 0.61
1574 510 0.57
1575 496 0.38
1576 496 0.43
1577 496 0.55
1578 496 0.58
1578 332 0.6
1582 510 0.51
1601 519 0.37
1610 499 0.49
1616 522 0.38
1622 487 0.29
1625 500 0.78
1629 502 0.75
1672 500 0.83
1673 500 0.81
1674 500 0.81
1682 537 0.35
1712 545 0.68
1715 535 0.59
1750 541 0.34
1751 541 0.3
1760 425 0.4
1770 561 0.77
1771 561 0.72
1773 575 0.43
1773 561 0.74
1774 561 0.73
1775 561 0.72
1776 562 0.69
1777 562 0.72
1782 586 0.61
1783 586 0.6
1785 572 0.41
1794 575 0.7
1795 575 0.69
1800 522 0.55
1801 522 0.53
1815 595 0.56
1816 595 0.42
1817 595 0.26
1826 589 0.77
1827 589 0.79
1828 589 0.8
1829 589 0.79
1830 589 0.79
1831 589 0.79
1838 589 0.73
1847 590 0.82
1858 564 0.44
1954 628 0.72
2096 578 0.56
2154 690 0.41
2207 578 0.82
2208 578 0.76
2209 578 0.74
2263 731 0.75
2285 746 0.57
2345 785 0.7
2354 797 0.54
2368 766 0.77
2370 766 0.66
2376 788 0.54
2383 788 0.54
2397 764 0.73
2402 792 0.49
2403 792 0.61
2404 792 0.37
5 31 0.29
13 21 0.29
24 60 0.32
30 35 0.31
60 51 0.43
66 54 0.27
88 1 0.38
89 1 0.35
105 48 0.53
112 77 0.66
112 66 0.79
114 77 0.67
121 77 0.76
122 77 0.73
131 81 0.35
136 78 0.62
153 26 0.27
164 91 0.8
165 91 0.8
177 55 0.4
179 55 0.26
184 97 0.28
185 97 0.28
193 85 0.88
194 85 0.85
195 85 0.83
196 85 0.84
204 98 0.46
205 98 0.37
229 99 0.91
233 92 0.57
235 92 0.4
236 92 0.48
237 92 0.31
250 98 0.58
258 99 0.87
259 99 0.86
268 94 0.7
269 94 0.63
270 94 0.52
294 106 0.66
298 95 0.52
302 3 0.29
303 3 0.27
305 3 0.33
306 3 0.33
307 3 0.34
309 3 0.36
348 109 0.39
349 109 0.43
358 98 0.43
364 110 0.55
367 119 0.47
381 109 0.51
383 133 0.49
384 133 0.64
385 133 0.66
386 133 0.59
406 140 0.77
408 140 0.67
429 140 0.81
434 9 0.38
435 9 0.39
436 9 0.4
441 117 0.59
441 121 0.27
467 140 0.84
468 140 0.83
469 140 0.8
470 140 0.77
471 140 0.78
474 134 0.56
477 134 0.36
478 134 0.45
479 134 0.36
481 140 0.81
486 147 0.36
494 152 0.79
495 152 0.8
539 26 0.5
542 155 0.44
543 155 0.48
544 155 0.39
549 27 0.55
549 166 0.67
551 156 0.75
552 156 0.72
553 156 0.66
554 156 0.73
564 156 0.56
565 156 0.62
607 170 0.59
625 20 0.54
626 20 0.45
628 20 0.48
630 182 0.46
631 182 0.41
632 182 0.39
633 182 0.39
644 184 0.61
645 184 0.66
658 194 0.76
670 152 0.58
678 186 0.54
679 186 0.63
701 196 0.62
740 208 0.28
741 208 0.25
779 172 0.28
793 160 0.59
794 160 0.63
795 160 0.57
797 160 0.58
813 190 0.64
823 183 0.28
824 183 0.28
860 234 0.28
871 247 0.31
879 245 0.4
880 245 0.51
881 245 0.5
884 226 0.36
909 243 0.52
922 256 0.67
922 257 0.5
923 256 0.59
927 257 0.4
928 257 0.36
939 204 0.47
963 204 0.6
964 204 0.61
979 260 0.73
986 256 0.67
1015 259 0.49
1037 255 0.32
1038 255 0.27
1039 255 0.32
1051 272 0.37
1056 204 0.75
1061 204 0.52
1062 204 0.59
1063 204 0.64
1064 204 0.54
1080 204 0.67
1081 204 0.67
1097 256 0.51
1110 287 0.37
1114 256 0.68
1115 256 0.68
1116 256 0.62
1144 253 0.51
1145 302 0.39
1145 253 0.43
1146 302 0.36
1146 253 0.41
1147 253 0.51
1150 254 0.35
1158 253 0.56
1159 253 0.57
1161 253 0.6
1182 296 0.64
1183 318 0.59
1183 296 0.62
1184 296 0.59
1185 296 0.57
1185 260 0.34
1186 296 0.4
1186 260 0.36
1187 296 0.4
1187 260 0.37
1191 296 0.37
1196 318 0.51
1197 287 0.32
1198 287 0.39
1199 287 0.38
1200 287 0.49
1204 204 0.26
1205 204 0.26
1206 315 0.26
1206 297 0.54
1207 315 0.26
1207 297 0.6
1209 315 0.4
1210 315 0.48
1212 315 0.45
1213 254 0.44
1228 319 0.29
1229 319 0.29
1230 319 0.3
1231 319 0.37
1232 319 0.44
1233 319 0.3
1234 319 0.3
1235 319 0.4
1236 319 0.31
1237 319 0.4
1238 319 0.3
1239 319 0.25
1240 319 0.25
1263 279 0.28
1264 319 0.32
1265 319 0.33
1266 319 0.33
1269 325 0.29
1291 253 0.28
1292 253 0.35
1311 332 0.37
1365 185 0.73
1368 332 0.47
1416 356 0.28
1450 358 0.37
1455 316 0.54
1456 316 0.51
1462 342 0.59
1463 358 0.45
1464 358 0.53
1473 358 0.41
1481 342 0.36
1482 342 0.56
1485 348 0.62
1487 348 0.67
1503 381 0.45
1504 381 0.49
1505 381 0.42
1515 337 0.42
1515 287 0.67
1516 287 0.72
1542 294 0.45
1544 294 0.43
1552 287 0.69
1553 287 0.74
1606 407 0.37
1644 421 0.44
1683 407 0.54
1684 407 0.58
1684 348 0.33
1685 407 0.53
1686 407 0.65
1690 390 0.33
1695 86 0.31
1701 390 0.32
1703 390 0.4
1704 390 0.67
1705 390 0.61
1706 390 0.44
1707 390 0.54
1719 390 0.44
1720 390 0.44
1722 390 0.62
1768 438 0.31
1777 436 0.69
1786 432 0.36
1790 436 0.5
1810 356 0.38
1811 356 0.39
1812 356 0.32
1813 356 0.33
1814 356 0.41
1815 356 0.36
1834 369 0.33
1847 449 0.54
1848 449 0.5
1856 342 0.28
1857 421 0.43
1858 464 0.37
1859 464 0.32
1860 464 0.25
1861 464 0.25
1865 421 0.39
1866 421 0.47
1867 421 0.51
1873 459 0.5
1880 460 0.36
1881 460 0.36
1887 459 0.39
1919 341 0.59
1924 381 0.58
1925 381 0.55
1942 381 0.56
1944 381 0.55
1957 436 0.45
1959 436 0.34
1964 470 0.38
1965 470 0.44
1966 470 0.5
1975 381 0.63
1979 381 0.72
1980 381 0.71
1981 381 0.78
1983 501 0.4
1984 501 0.39
1986 381 0.8
1987 381 0.79
1988 381 0.78
1989 381 0.78
1990 381 0.73
1991 381 0.72
1991 489 0.69
1992 381 0.73
1994 381 0.69
1995 381 0.69
1996 381 0.69
1997 381 0.68
2005 500 0.26
2008 381 0.63
2011 381 0.74
2041 455 0.5
2067 510 0.65
2069 510 0.6
2071 510 0.6
2084 493 0.47
2091 525 0.66
2092 525 0.63
2093 525 0.67
2094 525 0.64
2107 495 0.25
2110 381 0.46
2111 381 0.58
2112 381 0.57
2114 531 0.62
2115 531 0.58
2116 531 0.61
2117 531 0.62
2118 531 0.55
2119 531 0.57
2120 506 0.31
2120 391 0.28
2126 470 0.64
2127 470 0.65
2127 533 0.59
2129 530 0.47
2131 470 0.54
2131 512 0.76
2131 534 0.37
2132 470 0.6
2135 508 0.26
2136 508 0.28
2137 534 0.65
2140 397 0.25
2140 534 0.73
2141 397 0.26
2142 397 0.26
2154 531 0.56
2155 531 0.58
2156 531 0.69
2158 531 0.65
2159 356 0.77
2163 354 0.35
2169 515 0.45
2171 515 0.51
2177 530 0.65
2178 530 0.59
2179 530 0.59
2180 515 0.44
2182 515 0.56
2186 438 0.27
2191 356 0.71
2191 490 0.26
2192 528 0.28
2193 528 0.28
2198 480 0.29
2202 538 0.5
2208 550 0.5
2214 552 0.28
2221 540 0.54
2224 543 0.44
2226 540 0.51
2230 476 0.39
2230 543 0.47
2231 543 0.54
2232 543 0.61
2233 543 0.63
2234 543 0.58
2235 543 0.65
2236 543 0.61
2242 543 0.67
2248 508 0.27
2249 454 0.39
2250 486 0.36
2250 454 0.54
2251 486 0.33
2251 454 0.52
2252 537 0.38
2265 356 0.58
2279 543 0.48
2285 561 0.56
2286 561 0.7
2287 561 0.73
2293 543 0.3
2303 391 0.47
2304 543 0.33
2306 464 0.26
2307 464 0.3
2309 531 0.3
2310 531 0.34
2313 444 0.78
2314 444 0.84
2316 459 0.42
2325 561 0.79
2343 588 0.75
2344 588 0.79
2345 588 0.81
2347 372 0.33
2354 550 0.56
2356 548 0.4
2358 548 0.35
2361 550 0.25
2382 597 0.77
2383 597 0.79
2384 464 0.29
2388 567 0.72
2389 597 0.62
2389 567 0.73
2390 567 0.76
2391 567 0.75
2392 567 0.7
2393 567 0.71
2397 595 0.3
2398 595 0.29
2412 605 0.39
2430 584 0.55
2442 593 0.52
2445 543 0.85
2446 543 0.83
2447 543 0.85
2448 543 0.87
2449 543 0.87
2450 543 0.87
2451 543 0.86
2452 543 0.85
2453 543 0.84
2462 584 0.54
2463 584 0.64
2464 584 0.62
2465 584 0.6
2466 584 0.55
2467 584 0.66
2480 617 0.26
2481 617 0.44
2482 617 0.44
2484 611 0.47
2485 611 0.44
2493 617 0.38
2494 619 0.48
2495 619 0.48
2496 617 0.49
2496 619 0.48
2497 619 0.53
2498 619 0.5
2498 623 0.7
2507 619 0.65
2508 619 0.4
2509 619 0.65
2518 597 0.29
2519 597 0.26
2533 597 0.43
2539 632 0.27
2540 632 0.27
2575 642 0.5
2581 642 0.48
2582 642 0.52
2583 547 0.36
2606 611 0.27
2611 644 0.55
2614 641 0.47
2615 532 0.48
2615 659 0.39
2617 641 0.57
2617 532 0.44
2618 641 0.54
2618 532 0.4
2619 532 0.38
2621 634 0.52
2621 532 0.45
2622 644 0.4
2626 634 0.65
2627 634 0.63
2657 658 0.64
2672 669 0.34
2680 532 0.4
2681 532 0.4
2696 641 0.52
2697 641 0.55
2700 532 0.5
2700 638 0.4
2701 641 0.52
2701 659 0.61
2702 659 0.52
2703 659 0.55
2704 532 0.35
2704 659 0.57
2705 532 0.51
2705 659 0.51
2706 659 0.56
2720 690 0.27
2721 690 0.27
2722 690 0.27
2741 666 0.35
2754 694 0.63
2756 698 0.33
2761 372 0.25
2783 698 0.52
2787 705 0.36
2788 372 0.29
2789 372 0.27
2801 707 0.27
2802 707 0.29
2803 707 0.34
2804 707 0.29
2827 698 0.65
2834 698 0.55
2835 698 0.46
2836 698 0.51
2849 696 0.36
2901 733 0.49
2902 733 0.38
2903 733 0.29
2904 710 0.5
2913 698 0.49
2927 543 0.46
2930 729 0.29
2943 740 0.29
2944 740 0.35
2975 750 0.44
2976 750 0.42
2977 750 0.45
2978 750 0.44
2979 722 0.25
2990 696 0.52
2991 696 0.53
2992 696 0.52
2993 696 0.51
2994 696 0.52
3005 669 0.8
3006 669 0.79
3007 716 0.81
3008 716 0.82
3008 713 0.3
3009 713 0.31
3011 713 0.26
3012 716 0.81
3020 706 0.26
3020 738 0.49
3021 738 0.47
3022 738 0.46
3025 740 0.41
3025 700 0.36
3026 740 0.47
3026 700 0.37
3027 740 0.56
3028 702 0.45
3033 755 0.62
3039 733 0.72
3039 702 0.43
3040 733 0.65
3041 687 0.32
3042 755 0.68
3042 687 0.26
3043 687 0.26
3043 688 0.32
3044 756 0.51
3044 759 0.34
3045 759 0.31
3047 736 0.34
3048 669 0.74
3049 669 0.74
3050 669 0.53
3051 724 0.73
3052 724 0.79
3053 724 0.6
3054 724 0.69
3056 678 0.81
3059 756 0.55
3063 763 0.42
3064 763 0.39
3064 662 0.57
3065 694 0.39
3065 763 0.3
3066 694 0.42
3066 763 0.3
3067 763 0.25
3068 763 0.25
3076 755 0.6
3077 755 0.67
3081 755 0.61
3090 771 0.48
3090 750 0.4
3091 771 0.45
3091 750 0.38
3092 771 0.31
3093 771 0.41
3093 778 0.44
3094 771 0.4
3094 759 0.36
3102 755 0.58
3107 674 0.55
3107 671 0.41
3108 671 0.39
3109 733 0.44
3110 733 0.49
3111 733 0.48
3113 755 0.54
3113 733 0.53
3114 733 0.58
3115 671 0.35
3118 785 0.29
3119 688 0.32
3121 785 0.44
3121 758 0.34
3124 694 0.5
3127 770 0.62
3129 769 0.48
3131 769 0.45
3132 769 0.5
3138 712 0.32
3139 712 0.32
3142 751 0.74
3144 698 0.62
3155 719 0.54
3156 719 0.59
3157 719 0.61
3169 770 0.64
3170 770 0.71
3170 372 0.36
3171 372 0.34
3172 372 0.31
3173 372 0.3
3174 633 0.7
3177 668 0.3
3177 543 0.6
3178 669 0.35
3179 669 0.41
3181 669 0.39
3183 702 0.49
3184 702 0.52
3185 702 0.52
3189 792 0.31
3190 792 0.38
3191 543 0.52
3191 770 0.38
3191 792 0.34
3192 543 0.49
3192 770 0.37
3192 633 0.76
3192 792 0.35
3192 372 0.27
3193 543 0.51
3193 372 0.28
3196 786 0.55
3207 633 0.61
3210 802 0.27
3212 802 0.28
3216 784 0.34
3217 784 0.34
3217 633 0.6
3218 633 0.53
3219 782 0.63
3220 782 0.58
3220 784 0.3
3221 798 0.56
3221 765 0.4
3222 765 0.47
3223 798 0.48
3223 765 0.52
3224 798 0.49
3224 765 0.44
3225 765 0.46
3244 762 0.32
3246 789 0.67
3247 789 0.7
3249 775 0.29
3251 810 0.44
3257 784 0.55
3258 732 0.3
3259 633 0.28
3259 732 0.3
3260 784 0.57
3260 732 0.25
3261 784 0.61
3261 732 0.29
3262 784 0.68
3262 732 0.28
3267 732 0.27
3271 789 0.6
3272 789 0.54
3273 789 0.55
3281 719 0.59
3300 789 0.45
3302 768 0.44
3303 793 0.42
3304 793 0.48
3305 793 0.44
3306 793 0.51
